src/assets/tmp/wind.json
{"header": {"discipline":0,"disciplineName":"Meteorological products","gribEdition":2,"gribLength":78597,"center":7,"centerName":"US National Weather Service - NCEP(WMC)","subcenter":0,"refTime":"2023-02-23T00:00:00.000Z","significanceOfRT":1,"significanceOfRTName":"Start of forecast","productStatus":0,"productStatusName":"Operational products","productType":1,"productTypeName":"Forecast products","productDefinitionTemplate":0,"productDefinitionTemplateName":"Analysis/forecast at horizontal level/layer at a point in time","parameterCategory":2,"parameterCategoryName":"Momentum","parameterNumber":2,"parameterNumberName":"U-component_of_wind","parameterUnit":"m.s-1","genProcessType":2,"genProcessTypeName":"Forecast","forecastTime":0,"surface1Type":103,"surface1TypeName":"Specified height level above ground","surface1Value":10.0,"surface2Type":255,"surface2TypeName":"Missing","surface2Value":0.0,"gridDefinitionTemplate":0,"gridDefinitionTemplateName":"Latitude_Longitude","numberPoints":65160,"shape":6,"shapeName":"Earth spherical with radius of 6,371,229.0 m","gridUnits":"degrees","resolution":48,"winds":"true","scanMode":0,"nx":360,"ny":181,"basicAngle":0,"lo1":0.0,"la1":90.0,"lo2":359.0,"la2":-90.0,"dx":1.0,"dy":1.0}, "data":
[rows 26 to 51 of 181, columns 295 to 353 of 360]
0.32279298,0.602793,0.19279297,-0.85720706,-1.2272071,-2.0272071,-1.9672071,-1.037207,1.942793,1.212793,0.80279297,-0.30720702,-0.86720705,-2.187207,-5.507207,-1.1072071,-5.267207,-5.637207,-4.197207,-1.937207,0.27279297,6.642793,7.242793,6.302793,2.872793,2.582793,-4.107207,-1.287207,0.08279297,-0.657207,-0.48720703,-1.447207,6.122793,10.052793,11.762793,13.262793,13.702793,13.832793,15.042793,13.782793,14.312793,13.852793,12.652793,8.942793,9.012793,7.282793,8.582793,-0.33720702,-0.837207,-0.20720702,4.292793,8.922793,10.0927925,7.002793,3.582793,4.012793,5.252793,6.952793,3.672793
-0.45720702,-1.2072071,-3.227207,-3.2772071,-3.567207,-5.287207,-5.177207,-4.657207,-2.467207,-1.8372071,-1.277207,-1.397207,-0.63720703,0.18279296,0.18279296,-3.617207,-5.607207,-5.617207,-4.877207,-3.207207,1.722793,7.242793,3.912793,3.192793,-0.19720703,0.0027929686,2.742793,6.842793,8.162793,8.512793,9.322793,10.182793,11.292793,13.012793,14.102793,14.192793,14.742793,15.172793,14.952793,14.972793,15.232793,15.112793,15.132793,14.132793,13.772793,14.892793,13.472793,13.642793,12.992793,13.452793,12.422793,11.432793,10.642793,10.622793,9.152793,9.562793,5.802793,5.622793,9.492793
-2.847207,-3.0172071,-3.157207,-3.667207,-2.167207,-7.447207,-6.6472073,-6.467207,-4.557207,-3.627207,-3.677207,-2.387207,-1.867207,-0.017207032,1.602793,1.382793,-4.007207,-7.787207,-6.407207,-4.047207,-1.187207,5.612793,6.932793,3.302793,3.872793,-0.06720703,-0.597207,2.842793,7.142793,9.542793,10.752793,12.032793,12.872793,13.422793,14.072793,13.722793,13.722793,13.332793,13.932793,14.712793,14.752793,14.582793,15.172793,14.782793,14.122793,14.052793,13.622793,13.112793,13.412793,13.452793,12.672793,12.012793,12.252793,11.822793,10.512793,10.292793,10.3427925,7.922793,6.232793
3.342793,1.732793,1.982793,1.252793,2.842793,-6.877207,-7.297207,-7.697207,-5.827207,-4.977207,-4.857207,-3.917207,-2.7672071,-1.157207,0.48279297,1.822793,3.112793,0.05279297,0.04279297,-1.737207,-4.297207,2.832793,3.642793,1.1427929,-0.22720703,-0.22720703,0.39279297,1.302793,1.072793,3.542793,6.242793,8.042793,9.422793,10.792793,11.272793,11.622793,12.102793,12.112793,13.152793,13.022793,13.182793,13.662793,13.982793,14.522793,14.932793,14.702793,14.052793,13.822793,13.732793,12.702793,12.522793,12.112793,12.242793,11.582793,11.362793,10.782793,10.562793,9.742793,10.562793
5.862793,4.052793,3.812793,3.402793,4.152793,0.42279297,-10.027207,-8.847207,-7.257207,-6.027207,-5.707207,-4.957207,-4.007207,-2.927207,-1.3572071,0.792793,2.602793,3.922793,1.972793,0.982793,-0.767207,-0.19720703,-0.017207032,6.632793,4.872793,3.2127929,2.942793,2.512793,3.062793,3.932793,4.1027927,4.892793,6.062793,6.702793,7.132793,10.062793,11.712793,12.452793,12.642793,13.132793,13.572793,13.792793,13.872793,14.272793,13.952793,14.212793,14.132793,14.132793,13.552793,12.712793,12.082793,11.152793,11.862793,12.402793,11.392793,10.862793,12.502793,11.242793,9.352793
3.742793,3.372793,1.9027929,4.092793,2.162793,4.362793,6.1027927,-8.977207,-7.737207,-6.877207,-6.587207,-6.077207,-5.657207,-4.877207,-3.847207,-2.5172071,-1.157207,0.30279297,2.012793,3.842793,4.822793,5.922793,5.732793,5.692793,3.182793,2.072793,1.812793,0.33279297,-0.13720703,0.022792969,0.24279296,6.192793,7.562793,7.5827928,8.492793,10.242793,10.732793,11.462793,12.252793,13.172793,13.722793,13.752793,14.012793,13.732793,13.362793,13.752793,13.942793,13.662793,12.942793,12.312793,11.262793,10.8427925,11.352793,11.132793,11.032793,10.132793,10.542793,8.792793,7.802793
6.432793,7.462793,2.172793,2.002793,2.412793,3.942793,5.302793,3.382793,-6.997207,-6.377207,-6.717207,-6.9172072,-6.757207,-6.727207,-6.457207,-6.247207,-5.287207,-4.317207,-3.697207,-3.327207,-2.497207,-1.4672071,-1.987207,-2.367207,-2.597207,-3.657207,-3.337207,-3.827207,3.032793,5.182793,4.872793,5.432793,5.722793,6.742793,7.962793,9.022793,9.522793,10.382793,11.012793,11.892793,12.872793,12.662793,12.882793,13.192793,13.212793,13.422793,13.052793,12.612793,12.262793,11.502793,11.462793,10.802793,10.202793,10.232793,8.932793,8.712793,8.082793,6.362793,2.272793
7.052793,8.192793,4.022793,1.4227929,2.102793,3.912793,5.132793,5.212793,-5.487207,-6.047207,-6.3972073,-6.687207,-7.087207,-7.837207,-7.587207,-7.587207,-7.797207,-8.267207,-8.147207,-8.057207,-7.837207,-7.177207,-8.017207,-8.457207,-7.357207,-8.247207,2.602793,2.692793,2.9827929,3.702793,4.212793,4.122793,4.702793,5.362793,6.722793,6.842793,8.352793,8.882793,10.192793,10.982793,11.862793,12.072793,12.572793,12.652793,12.652793,13.282793,12.882793,12.402793,12.012793,11.262793,11.242793,9.422793,9.252793,8.492793,7.252793,6.962793,5.632793,3.872793,1.7727929
7.462793,8.052793,6.302793,3.702793,2.022793,3.762793,4.762793,5.492793,-0.20720702,-5.457207,-5.817207,-5.767207,-7.1472073,-8.377207,-8.827207,-9.807207,-10.367207,-10.167207,-10.377207,-10.707207,-10.507207,-9.767207,-10.757207,-9.427207,0.19279297,-0.42720702,0.652793,0.852793,1.382793,2.002793,1.592793,2.392793,3.282793,4.622793,5.622793,6.292793,6.912793,7.562793,8.772793,10.032793,10.222793,11.762793,11.162793,11.332793,12.482793,12.182793,11.772793,10.822793,10.102793,10.212793,9.972793,8.762793,7.912793,6.452793,5.842793,4.842793,3.502793,1.062793,0.672793
7.412793,7.992793,7.572793,4.732793,0.88279295,0.86279297,1.592793,4.292793,5.182793,0.582793,-1.677207,-4.587207,-7.757207,-9.207207,-10.337207,-10.827207,-10.477207,-10.437207,-10.697207,-9.737207,-11.017207,-10.457207,-4.3972073,-3.917207,-2.727207,-2.077207,-1.367207,-0.43720704,0.07279297,-0.34720704,0.30279297,1.7827929,3.542793,3.132793,4.442793,5.062793,5.952793,6.122793,7.682793,8.932793,9.622793,9.492793,9.762793,10.772793,10.622793,10.302793,9.422793,9.732793,9.192793,9.382793,8.0927925,6.822793,6.012793,4.532793,3.442793,2.302793,0.05279297,0.56279296,0.582793
8.232793,9.752793,9.172793,6.272793,3.322793,1.342793,3.032793,1.952793,3.842793,4.3527927,-1.9572071,-2.837207,-5.197207,-8.127207,-10.147207,-8.707207,-9.837207,-8.287207,-8.187207,-11.317207,-7.927207,-9.487207,-5.367207,-3.057207,-4.737207,-3.947207,-2.747207,-1.4672071,-1.2272071,-1.567207,-0.22720703,0.75279295,1.6727929,1.932793,2.672793,3.372793,3.4727929,5.162793,5.542793,8.622793,9.112793,9.432793,9.652793,9.322793,8.742793,8.862793,8.582793,7.522793,7.452793,7.0827928,5.962793,4.342793,3.372793,3.082793,1.712793,-0.50720704,0.10279297,0.602793,0.39279297
4.682793,5.282793,5.652793,4.542793,1.082793,0.672793,3.522793,-0.517207,1.5427929,3.132793,4.542793,-1.8472071,-2.7772071,-1.007207,-4.1672072,-7.007207,-7.047207,-4.517207,-8.577207,-6.1672072,-6.887207,-9.067207,-6.527207,-4.817207,-5.777207,-4.827207,-3.707207,-2.717207,-3.327207,-1.887207,-0.36720702,1.5227929,0.20279297,1.0427929,1.972793,2.652793,2.322793,2.042793,3.612793,5.632793,6.562793,6.942793,7.842793,7.492793,7.062793,6.6027927,5.912793,5.272793,5.692793,5.242793,4.792793,2.072793,2.622793,1.6727929,0.50279295,-0.74720705,1.0327929,1.752793,1.4027929
5.072793,5.322793,5.442793,4.0827928,1.872793,3.082793,2.442793,1.592793,2.022793,3.242793,5.622793,3.912793,0.842793,2.112793,0.32279298,-2.347207,-2.997207,-0.837207,-3.577207,-1.677207,-6.997207,-9.287207,-7.697207,-6.207207,-5.487207,-5.437207,-4.847207,-4.467207,-4.087207,-1.877207,-0.37720704,-1.4572071,-0.727207,-0.19720703,-0.49720705,-0.16720703,0.18279296,0.61279297,2.632793,4.042793,4.212793,4.232793,4.912793,5.202793,4.862793,4.402793,4.3327928,3.672793,4.162793,4.482793,2.422793,0.842793,1.5327929,0.42279297,-0.847207,-0.29720703,1.742793,1.992793,1.462793
3.372793,3.4827929,3.392793,3.632793,1.1627929,3.162793,5.6027927,7.472793,6.132793,4.212793,6.292793,7.752793,7.142793,6.392793,4.692793,2.022793,1.0227929,0.03279297,-1.447207,-5.477207,-6.767207,-10.207207,-8.647207,-6.997207,-6.367207,-6.347207,-6.107207,-4.797207,-4.127207,-3.347207,-2.7772071,-0.85720706,-1.677207,-1.377207,-1.497207,-1.127207,-2.187207,-0.09720703,0.64279294,1.222793,1.4027929,1.442793,1.352793,2.082793,2.242793,2.392793,2.302793,2.492793,2.2227929,1.842793,-0.09720703,1.1627929,-0.17720704,-0.967207,-1.687207,-0.057207033,-0.09720703,-0.29720703,-1.567207
13.152793,12.712793,11.482793,9.442793,6.212793,8.362793,9.662793,7.552793,8.552793,4.342793,8.702793,8.482793,9.482793,7.882793,7.402793,5.142793,2.022793,1.072793,-2.927207,-6.007207,-6.657207,-10.257207,-9.677207,-8.587207,-7.587207,-7.317207,-7.287207,-5.717207,-5.717207,-3.967207,-2.337207,-2.457207,-2.477207,-2.057207,-1.947207,-1.987207,-3.557207,-2.087207,-1.3372071,-0.93720704,-1.297207,-1.4772071,-1.797207,-1.247207,-0.087207034,0.82279295,0.592793,-0.44720703,-0.0072070314,-0.667207,-0.39720702,-0.62720704,0.27279297,-0.537207,-1.3472071,-0.69720703,-0.60720706,-0.39720702,-1.037207
7.252793,12.062793,14.512793,7.092793,12.942793,8.732793,6.722793,4.872793,7.5827928,2.522793,2.792793,4.872793,10.032793,9.152793,8.152793,7.072793,1.562793,2.182793,-1.167207,-6.237207,-7.197207,-10.1572075,-9.807207,-8.527207,-7.887207,-7.527207,-7.937207,-7.467207,-6.477207,-5.007207,-3.297207,-5.067207,-3.897207,-3.247207,-3.177207,-3.147207,-3.137207,-2.727207,-3.077207,-3.257207,-3.397207,-3.467207,-3.217207,-3.057207,-2.487207,-2.097207,-1.687207,-1.2172071,-1.807207,-2.067207,-0.75720704,-0.837207,-0.69720703,-1.177207,-1.147207,-0.26720703,-0.40720704,-1.377207,-1.3572071
7.412793,10.832793,9.392793,11.792793,11.892793,11.732793,7.1027927,6.912793,6.632793,4.052793,3.262793,4.722793,8.462793,10.262793,8.822793,6.902793,4.962793,2.742793,-1.0872071,-2.617207,-7.577207,-11.257207,-9.857207,-9.437207,-9.097207,-7.817207,-8.337207,-8.147207,-8.077207,-4.727207,-5.747207,-5.197207,-5.157207,-5.217207,-4.517207,-4.1672072,-4.937207,-4.777207,-5.087207,-5.1472073,-5.017207,-4.847207,-5.217207,-4.8972073,-3.617207,-3.957207,-3.2772071,-2.617207,-2.727207,-2.137207,-2.067207,-0.827207,-1.167207,-0.50720704,-0.88720703,-0.20720702,-0.79720706,-1.0872071,-2.827207
3.392793,8.282793,11.522793,13.062793,12.802793,11.922793,12.542793,11.692793,11.472793,9.742793,7.712793,6.442793,6.772793,9.982793,9.662793,5.812793,5.792793,3.892793,-0.34720704,-3.0272071,-6.347207,-11.987207,-10.297207,-9.697207,-9.457207,-8.697207,-8.607207,-7.827207,-8.327207,-7.457207,-6.277207,-7.1672072,-6.877207,-6.537207,-5.477207,-6.317207,-6.137207,-6.367207,-6.197207,-6.467207,-6.517207,-6.547207,-6.467207,-7.127207,-4.8972073,-5.657207,-3.737207,-3.297207,-4.117207,-2.317207,-2.377207,-2.297207,-0.977207,-0.49720705,0.26279297,0.34279296,1.592793,2.662793,5.242793
2.932793,5.182793,7.042793,9.382793,5.752793,4.882793,11.482793,10.952793,13.032793,13.192793,11.5927925,10.822793,11.282793,11.392793,10.912793,5.972793,6.862793,3.812793,5.252793,2.152793,-1.067207,-7.347207,-12.427207,-10.237207,-9.367207,-9.067207,-8.627207,-8.117207,-8.877207,-9.447207,-7.307207,-7.207207,-8.047207,-7.8972073,-8.027207,-8.037207,-8.247207,-7.577207,-8.217207,-7.937207,-7.627207,-7.807207,-7.857207,-7.217207,-6.517207,-6.057207,-4.767207,-4.6472073,-3.937207,-3.7772071,-2.187207,-1.567207,-1.897207,-1.7172071,-0.73720706,0.23279297,1.4127929,3.082793,3.7127929
4.752793,3.422793,3.332793,4.422793,6.342793,7.802793,9.412793,10.012793,10.702793,12.222793,12.462793,13.392793,12.052793,12.472793,12.352793,9.702793,3.922793,1.842793,3.502793,4.282793,-2.587207,4.052793,-13.467207,-11.237207,-9.597207,-8.887207,-9.347207,-8.507207,-7.707207,-10.167207,-9.717207,-8.917207,-9.007207,-9.6572075,-9.897207,-9.777207,-8.647207,-9.177207,-8.387207,-9.047207,-9.247207,-8.317207,-8.347207,-7.937207,-7.337207,-6.177207,-4.967207,-4.937207,-2.877207,-3.447207,-1.9772071,-1.3472071,-1.257207,-1.277207,-1.647207,0.982793,1.9227929,1.872793,1.932793
2.802793,7.042793,5.462793,8.552793,9.402793,9.082793,5.772793,9.372793,10.212793,11.522793,12.622793,13.702793,13.122793,14.582793,14.472793,13.352793,5.8327928,2.052793,3.282793,6.6027927,10.512793,4.532793,-13.1572075,-12.927207,-10.317207,-7.777207,-8.967207,-8.717207,-7.487207,-9.207207,-11.237207,-10.707207,-9.227207,-9.987207,-10.667207,-10.387207,-11.777207,-10.357207,-10.497207,-10.117207,-10.217207,-9.467207,-9.667207,-8.787207,-7.697207,-7.537207,-6.857207,-5.267207,-4.247207,-3.447207,-2.967207,-1.027207,-0.37720704,0.962793,0.712793,0.11279297,0.99279296,0.15279298,-0.07720703
8.312793,7.272793,10.412793,10.502793,10.682793,10.472793,8.892793,9.502793,11.442793,11.642793,13.472793,14.912793,14.942793,16.152794,17.892794,17.132793,18.752792,11.322793,10.902793,11.992793,12.392793,12.492793,13.032793,-14.037207,-10.547207,-8.687207,-8.677207,-8.127207,-7.887207,-6.837207,-7.987207,-8.667207,-9.217207,-9.367207,-9.497207,-10.547207,-12.487207,-11.487207,-12.117207,-11.737207,-11.927207,-11.487207,-10.307207,-10.127207,-9.037207,-8.757207,-8.207207,-7.077207,-5.407207,-4.317207,-3.497207,-2.487207,-0.517207,0.832793,-0.16720703,0.13279296,-0.0072070314,0.012792969,0.712793
7.312793,7.252793,8.362793,9.652793,9.282793,10.322793,11.672793,11.192793,11.802793,13.112793,13.892793,14.772793,16.172792,16.652794,19.142794,20.132793,21.942793,21.582792,19.362793,16.702793,15.712793,14.932793,10.072793,-8.577207,-9.027207,-9.227207,-6.827207,-8.377207,-5.727207,-6.977207,-5.687207,-5.527207,-7.527207,-10.277207,-10.107207,-11.767207,-13.607207,-13.807207,-13.437207,-13.397207,-13.057207,-12.737207,-12.707207,-11.417207,-10.537207,-9.647207,-8.767207,-8.317207,-6.9172072,-5.377207,-4.657207,-3.0172071,-1.8472071,-0.25720704,0.672793,0.28279296,-0.48720703,0.95279294,1.482793
7.822793,7.3527927,7.972793,9.292793,9.932793,9.452793,10.752793,11.742793,12.482793,13.262793,13.882793,13.862793,15.822793,16.852793,18.362793,20.182793,21.482794,21.862793,20.182793,18.152794,16.142794,16.112793,8.352793,-1.157207,-8.017207,-8.067207,-6.317207,-4.697207,-7.017207,-6.017207,-7.017207,-6.937207,-8.077207,-9.267207,-10.497207,-12.427207,-13.577207,-14.217207,-15.417207,-14.507207,-14.387207,-13.317207,-13.287207,-12.757207,-12.027207,-11.027207,-9.937207,-9.027207,-8.557207,-6.877207,-5.987207,-3.447207,-3.177207,-1.437207,-0.35720703,0.792793,2.542793,1.5227929,1.342793
7.792793,7.662793,8.452793,8.452793,9.502793,8.822793,9.292793,10.0927925,11.512793,12.462793,12.912793,13.002793,14.292793,16.072792,17.292793,19.102793,19.042793,19.362793,18.632793,17.342793,15.972793,15.452793,11.652793,0.13279296,-5.357207,-6.747207,-6.1672072,-4.557207,-6.187207,-4.737207,-5.717207,-7.037207,-8.037207,-9.347207,-10.147207,-11.047207,-11.337207,-7.837207,-5.827207,-7.277207,-13.537207,-15.097207,-14.717207,-13.697207,-12.727207,-11.507207,-11.387207,-9.9072075,-8.837207,-7.977207,-6.287207,-6.177207,-4.437207,-2.977207,-1.637207,-0.48720703,1.452793,1.6727929,0.38279298
7.092793,7.492793,8.452793,8.542793,7.262793,7.152793,8.962793,9.942793,10.892793,11.762793,11.752793,11.582793,13.022793,15.102793,15.952793,16.792793,17.942793,17.252792,16.392794,16.732794,13.962793,13.222793,11.292793,7.502793,-2.2772071,-4.207207,-6.037207,-4.207207,-3.367207,-6.597207,-5.527207,-5.837207,-7.377207,-9.257207,-8.397207,-7.507207,-6.337207,-5.377207,-5.097207,-5.027207,-4.987207,-7.277207,-6.327207,-4.717207,-13.537207,-12.187207,-10.877207,-9.167207,-8.1572075,-7.177207,-7.107207,-6.477207,-5.157207,-3.2872071,-1.997207,-1.257207,2.202793,3.042793,2.952793
