src/assets/tmp/wind.json
{"header": {"discipline":0,"disciplineName":"Meteorological products","gribEdition":2,"gribLength":50306,"center":7,"centerName":"US National Weather Service - NCEP(WMC)","subcenter":0,"refTime":"2023-02-23T00:00:00.000Z","significanceOfRT":1,"significanceOfRTName":"Start of forecast","productStatus":0,"productStatusName":"Operational products","productType":1,"productTypeName":"Forecast products","productDefinitionTemplate":0,"productDefinitionTemplateName":"Analysis/forecast at horizontal level/layer at a point in time","parameterCategory":0,"parameterCategoryName":"Temperature","parameterNumber":0,"parameterNumberName":"Temperature","parameterUnit":"K","genProcessType":2,"genProcessTypeName":"Forecast","forecastTime":0,"surface1Type":1,"surface1TypeName":"Ground or water surface","surface1Value":0.0,"surface2Type":255,"surface2TypeName":"Missing","surface2Value":0.0,"gridDefinitionTemplate":0,"gridDefinitionTemplateName":"Latitude_Longitude","numberPoints":65160,"shape":6,"shapeName":"Earth spherical with radius of 6,371,229.0 m","gridUnits":"degrees","resolution":48,"winds":"true","scanMode":0,"nx":360,"ny":181,"basicAngle":0,"lo1":0.0,"la1":90.0,"lo2":359.0,"la2":-90.0,"dx":1.0,"dy":1.0}, "data":
[rows 0 to 27 of 181, columns 62 to 123 of 360]
245.1211,245.1211,245.1211,245.1211,245.1211,245.1211,245.1211,245.1211,245.1211,245.1211,245.1211,245.1211,245.1211,245.1211,245.1211,245.1211,245.1211,245.1211,245.1211,245.1211,245.1211,245.1211,245.1211,245.1211,245.1211,245.1211,245.1211,245.1211,245.1211,245.1211,245.1211,245.1211,245.1211,245.1211,245.1211,245.1211,245.1211,245.1211,245.1211,245.1211,245.1211,245.1211,245.1211,245.1211,245.1211,245.1211,245.1211,245.1211,245.1211,245.1211,245.1211,245.1211,245.1211,245.1211,245.1211,245.1211,245.1211,245.1211,245.1211,245.1211,245.1211,245.1211
244.4211,244.4211,244.2211,244.2211,243.52109,243.52109,243.52109,243.52109,243.52109,243.52109,243.1211,241.9211,241.9211,241.9211,241.9211,241.9211,241.9211,241.9211,241.02109,240.6211,240.6211,240.6211,240.6211,240.6211,240.6211,240.6211,239.9211,239.7211,239.7211,239.7211,239.7211,239.7211,239.7211,239.02109,239.02109,238.7211,238.7211,238.7211,238.7211,238.7211,238.7211,238.02109,238.02109,238.02109,237.82109,237.82109,238.02109,238.02109,238.02109,238.2211,238.2211,238.2211,238.2211,238.2211,238.2211,238.2211,238.2211,238.2211,238.02109,238.32109,238.32109,238.32109
243.52109,243.52109,243.52109,243.7211,243.9211,243.9211,243.9211,243.82109,243.82109,243.82109,243.82109,242.9211,242.9211,242.9211,242.9211,241.32109,241.4211,241.4211,240.7211,240.32109,240.32109,240.32109,238.9211,238.9211,238.9211,238.82109,237.2211,237.2211,237.2211,237.1211,237.4211,237.4211,237.4211,237.4211,237.2211,237.2211,237.2211,236.9211,236.02109,236.02109,235.9211,236.1211,235.9211,235.9211,235.6211,235.6211,234.7211,234.7211,234.7211,235.2211,234.9211,234.82109,234.82109,234.7211,234.82109,234.52109,234.9211,234.82109,234.82109,234.82109,235.02109,235.02109
240.4211,241.02109,241.02109,240.9211,240.9211,240.9211,242.9211,242.9211,243.02109,243.4211,243.4211,244.52109,244.52109,244.6211,244.7211,244.7211,244.52109,244.52109,243.9211,243.6211,243.6211,242.1211,242.1211,241.1211,240.9211,240.9211,240.32109,239.2211,237.32109,237.2211,237.2211,235.7211,235.6211,234.9211,234.32109,234.32109,232.82109,232.82109,232.7211,231.02109,231.02109,230.82109,230.82109,230.82109,231.02109,231.02109,231.02109,231.2211,231.2211,231.6211,231.6211,231.4211,231.52109,231.52109,231.1211,231.2211,231.2211,231.1211,230.9211,230.9211,230.9211,230.9211
235.4211,236.02109,236.2211,236.4211,236.7211,236.52109,236.7211,237.32109,236.9211,239.1211,239.02109,239.52109,239.52109,240.82109,240.82109,241.2211,241.2211,241.6211,241.7211,241.7211,242.9211,242.9211,242.9211,242.9211,244.1211,244.1211,244.32109,244.4211,244.6211,243.2211,242.1211,241.82109,242.02109,241.7211,241.4211,240.9211,240.2211,240.7211,241.52109,241.6211,241.6211,241.52109,240.02109,239.6211,238.9211,237.82109,236.7211,236.82109,236.82109,235.82109,235.1211,234.9211,234.7211,233.9211,233.9211,234.02109,233.2211,232.1211,232.2211,231.9211,231.82109,231.7211
234.6211,234.7211,234.1211,234.1211,234.02109,233.9211,233.9211,233.9211,233.9211,233.9211,234.1211,234.02109,234.2211,234.32109,234.7211,234.82109,235.02109,236.02109,237.2211,237.82109,238.02109,238.32109,238.32109,238.9211,238.7211,238.7211,239.4211,240.1211,240.1211,241.32109,241.6211,241.6211,241.6211,241.82109,241.9211,242.32109,242.32109,242.7211,242.2211,242.2211,242.2211,242.4211,242.52109,242.52109,242.2211,241.7211,241.4211,240.82109,240.7211,240.7211,239.1211,238.6211,238.52109,238.32109,238.32109,239.1211,239.1211,237.32109,236.32109,236.1211,235.4211,234.4211
233.82109,234.2211,233.9211,233.6211,233.52109,233.52109,233.52109,233.7211,233.9211,233.82109,233.2211,233.6211,233.52109,233.52109,233.2211,233.2211,232.82109,232.6211,232.6211,232.6211,232.6211,232.6211,232.6211,232.7211,232.7211,233.1211,232.82109,234.2211,235.32109,235.7211,237.4211,239.02109,240.4211,240.82109,241.4211,242.1211,242.52109,242.9211,242.7211,242.9211,243.6211,243.6211,243.52109,243.6211,244.02109,243.4211,243.6211,243.32109,243.1211,243.02109,242.6211,242.52109,241.7211,241.02109,240.02109,238.4211,237.7211,237.4211,236.32109,235.32109,234.7211,233.9211
233.9211,234.02109,234.02109,234.1211,234.2211,234.1211,234.1211,234.6211,234.52109,234.52109,234.4211,234.4211,234.52109,234.6211,234.6211,234.4211,234.6211,235.2211,235.32109,235.4211,234.9211,234.6211,235.02109,235.6211,236.7211,237.9211,238.02109,238.82109,239.6211,240.82109,240.52109,241.9211,242.52109,243.6211,244.2211,245.32109,246.82109,247.7211,247.7211,247.52109,247.4211,246.6211,246.52109,246.1211,246.02109,245.9211,246.6211,246.6211,246.6211,246.7211,246.52109,246.4211,245.6211,245.2211,243.82109,243.52109,240.52109,238.52109,237.2211,235.52109,235.4211,233.7211
239.52109,239.52109,239.2211,241.2211,240.32109,240.2211,240.4211,241.4211,241.7211,241.7211,241.9211,242.52109,243.02109,244.82109,246.32109,246.32109,246.7211,246.7211,244.4211,243.2211,243.02109,242.9211,242.6211,242.6211,243.2211,244.7211,246.32109,248.02109,248.32109,248.32109,247.9211,247.52109,247.2211,247.32109,247.1211,247.1211,247.9211,248.4211,249.2211,249.6211,249.52109,249.82109,249.7211,249.6211,249.4211,249.1211,249.1211,248.6211,248.52109,248.2211,248.1211,248.1211,247.7211,247.2211,246.2211,245.52109,244.7211,243.2211,241.7211,240.6211,239.02109,237.6211
248.82109,248.32109,247.52109,244.52109,250.32109,248.52109,249.6211,249.6211,249.7211,250.02109,250.32109,249.1211,247.9211,246.02109,245.4211,246.2211,245.9211,246.52109,246.9211,247.7211,248.52109,248.6211,247.6211,247.9211,250.4211,251.82109,251.32109,250.82109,249.6211,251.1211,249.02109,249.2211,248.9211,250.1211,253.2211,252.52109,250.9211,250.52109,251.32109,250.32109,250.7211,251.7211,250.6211,250.1211,249.2211,249.02109,248.7211,248.52109,248.6211,248.7211,249.02109,248.52109,247.52109,247.02109,246.2211,244.52109,243.32109,241.82109,239.82109,238.52109,237.4211,235.7211
246.82109,248.9211,249.9211,249.4211,251.82109,251.7211,250.7211,250.6211,250.52109,250.4211,253.2211,255.02109,255.4211,255.82109,255.9211,256.3211,256.7211,256.8211,256.7211,257.3211,258.6211,259.0211,260.2211,259.3211,256.2211,255.2211,253.6211,251.7211,250.7211,250.02109,247.4211,246.82109,248.02109,249.7211,246.02109,243.32109,249.02109,252.7211,252.7211,250.1211,249.02109,246.7211,247.4211,249.9211,247.4211,246.7211,245.6211,244.02109,241.82109,240.9211,239.7211,239.9211,240.2211,239.7211,239.82109,239.02109,239.02109,238.6211,238.02109,237.2211,236.1211,235.1211
264.5211,265.3211,264.5211,265.92108,263.6211,262.7211,262.5211,261.42108,259.3211,260.6211,259.7211,259.42108,259.1211,259.42108,259.7211,259.92108,262.1211,263.92108,260.6211,257.3211,255.4211,254.52109,253.2211,252.7211,252.52109,251.82109,251.52109,250.82109,250.4211,249.2211,248.9211,248.52109,248.6211,255.1211,246.32109,245.32109,243.82109,243.52109,245.7211,246.82109,248.2211,249.2211,249.4211,248.9211,245.52109,245.52109,244.1211,242.82109,241.7211,240.52109,239.2211,240.32109,238.9211,236.9211,236.2211,235.82109,235.52109,235.32109,235.4211,234.82109,234.32109,234.32109
271.2211,270.8211,270.8211,270.7211,270.6211,270.3211,270.42108,270.1211,270.0211,269.3211,268.5211,267.6211,267.5211,267.42108,259.0211,255.2211,254.2211,253.1211,252.4211,251.9211,251.52109,251.1211,250.52109,249.9211,250.1211,249.6211,249.2211,248.52109,247.9211,247.6211,246.82109,246.9211,247.32109,246.32109,245.9211,244.9211,244.32109,243.02109,243.52109,242.7211,243.6211,241.9211,241.6211,240.82109,242.2211,241.6211,240.9211,240.2211,239.6211,238.9211,238.52109,237.4211,237.4211,237.52109,235.82109,234.7211,234.02109,233.4211,233.02109,233.02109,233.1211,233.2211
272.2211,272.0211,271.92108,271.6211,271.2211,267.0211,263.42108,271.2211,271.2211,267.3211,262.8211,253.1211,250.32109,249.9211,249.4211,249.52109,249.7211,249.82109,249.1211,248.52109,247.1211,245.7211,244.02109,243.7211,244.9211,245.2211,245.2211,245.02109,244.2211,244.02109,243.1211,242.4211,242.9211,241.9211,242.2211,243.02109,241.52109,241.1211,240.52109,238.82109,238.4211,238.9211,235.2211,236.52109,238.82109,235.32109,238.82109,238.82109,238.52109,239.02109,238.7211,238.2211,237.2211,236.7211,236.32109,234.7211,233.32109,232.6211,231.82109,231.9211,232.6211,232.82109
251.7211,249.6211,248.82109,253.2211,248.9211,247.6211,246.02109,245.7211,245.82109,245.52109,244.82109,244.9211,244.7211,244.2211,244.02109,244.32109,243.2211,243.82109,244.1211,244.82109,245.6211,247.32109,245.7211,244.52109,243.9211,241.7211,241.52109,241.52109,241.9211,242.52109,240.2211,240.4211,240.02109,241.2211,240.9211,240.9211,241.32109,237.7211,236.82109,236.32109,232.9211,231.6211,234.02109,235.6211,238.52109,240.82109,239.6211,236.52109,237.32109,238.7211,234.52109,233.52109,236.4211,236.52109,236.4211,235.9211,235.32109,234.1211,233.32109,233.4211,233.1211,233.2211
242.7211,241.9211,241.82109,241.52109,241.4211,241.2211,243.02109,242.82109,243.52109,246.52109,245.4211,245.9211,246.2211,247.2211,247.4211,247.7211,249.32109,249.6211,249.02109,247.52109,245.6211,246.4211,245.7211,246.32109,245.52109,244.32109,242.6211,240.82109,241.32109,237.6211,235.9211,235.4211,235.4211,236.82109,235.52109,236.9211,240.1211,236.4211,230.2211,235.32109,238.32109,232.52109,227.6211,227.1211,226.9211,225.52109,227.4211,232.6211,234.1211,232.82109,230.32109,233.4211,236.82109,236.32109,237.32109,237.1211,235.6211,234.52109,233.4211,234.7211,235.32109,234.4211
249.82109,248.4211,248.02109,246.32109,247.52109,247.2211,247.9211,248.02109,249.2211,249.32109,248.7211,247.82109,247.6211,247.9211,248.32109,247.82109,247.32109,246.7211,245.9211,248.9211,248.4211,251.2211,249.32109,248.82109,247.4211,247.2211,245.4211,244.32109,242.1211,242.52109,241.52109,239.52109,239.82109,240.52109,239.52109,235.9211,233.6211,235.02109,235.82109,233.9211,233.32109,230.7211,227.9211,228.2211,227.32109,228.9211,228.6211,249.7211,245.02109,233.7211,234.2211,233.9211,234.7211,234.82109,235.52109,235.6211,234.02109,234.1211,234.4211,235.02109,234.6211,235.7211
254.2211,253.1211,253.02109,252.9211,252.2211,250.9211,248.4211,246.32109,247.1211,249.1211,253.52109,251.9211,250.02109,249.2211,251.02109,251.6211,250.2211,247.52109,247.52109,246.52109,246.52109,243.6211,241.7211,240.7211,240.32109,241.2211,241.32109,241.7211,241.2211,241.1211,244.82109,246.32109,249.52109,249.32109,246.6211,243.82109,242.6211,237.52109,233.52109,230.82109,229.02109,229.4211,228.9211,227.7211,228.4211,229.9211,228.7211,228.4211,227.4211,226.6211,227.1211,227.82109,226.9211,226.9211,228.02109,228.82109,228.6211,227.6211,231.52109,235.32109,235.52109,237.6211
259.2211,256.0211,251.82109,252.1211,249.82109,248.2211,249.52109,249.1211,250.32109,251.52109,251.82109,255.32109,255.9211,254.82109,256.92108,255.82109,255.82109,255.02109,254.1211,256.1211,256.42108,255.52109,255.9211,256.3211,256.3211,254.4211,254.2211,253.1211,248.1211,250.82109,249.6211,246.82109,244.82109,243.32109,242.52109,247.02109,253.1211,253.52109,252.02109,248.2211,246.9211,245.2211,241.2211,240.02109,236.82109,233.32109,233.9211,233.2211,231.1211,228.02109,229.32109,228.02109,227.2211,229.4211,228.2211,228.4211,229.02109,227.6211,229.2211,229.4211,232.4211,232.02109
268.2211,267.2211,259.2211,257.2211,258.42108,257.5211,258.42108,258.42108,258.3211,258.8211,259.5211,261.92108,259.42108,259.8211,260.0211,260.1211,260.5211,260.3211,260.5211,260.5211,261.0211,261.92108,261.6211,261.8211,261.3211,261.1211,260.42108,259.3211,259.42108,258.92108,258.7211,257.7211,257.5211,255.52109,255.1211,253.1211,249.1211,249.2211,251.02109,256.0211,254.32109,250.32109,248.52109,250.7211,251.32109,250.02109,248.9211,246.4211,244.9211,241.9211,235.6211,234.4211,229.9211,230.02109,227.82109,227.82109,229.9211,230.1211,233.1211,230.9211,231.7211,233.02109
263.42108,262.2211,261.42108,260.92108,260.42108,260.42108,258.8211,258.92108,258.3211,259.2211,259.7211,262.8211,259.5211,260.5211,260.2211,261.0211,261.42108,262.1211,262.42108,262.8211,262.8211,262.92108,262.42108,262.2211,263.2211,261.92108,264.1211,262.1211,260.2211,259.8211,260.3211,259.2211,258.3211,256.8211,255.1211,255.52109,254.2211,251.9211,250.4211,253.32109,254.32109,251.6211,253.32109,256.42108,252.82109,250.52109,247.82109,244.9211,246.82109,245.82109,250.2211,249.82109,247.52109,244.32109,244.2211,238.82109,231.1211,231.7211,231.9211,233.9211,236.82109,237.4211
259.1211,258.1211,259.8211,257.92108,258.2211,261.1211,258.2211,257.42108,256.92108,257.5211,255.82109,258.3211,259.6211,260.5211,259.8211,260.3211,261.5211,262.8211,263.2211,263.42108,263.5211,263.5211,263.3211,262.8211,263.0211,263.2211,261.0211,262.3211,259.7211,259.42108,257.6211,254.7211,253.7211,255.9211,255.4211,252.7211,251.82109,255.2211,251.1211,250.6211,249.6211,247.82109,251.4211,248.7211,246.2211,247.9211,247.82109,250.02109,252.52109,254.02109,248.52109,247.6211,246.9211,249.02109,247.7211,245.32109,245.2211,242.7211,241.32109,236.82109,238.02109,243.2211
253.32109,253.4211,253.1211,250.6211,252.82109,255.4211,255.9211,254.4211,256.92108,256.5211,258.5211,259.7211,260.92108,262.2211,264.7211,266.5211,266.7211,266.92108,266.6211,266.0211,265.42108,264.7211,263.8211,262.8211,263.0211,262.3211,264.1211,262.1211,258.8211,257.1211,257.3211,257.92108,257.8211,256.2211,254.7211,251.7211,255.82109,247.82109,253.9211,249.6211,248.1211,248.82109,245.52109,244.1211,247.52109,250.82109,255.52109,247.52109,252.1211,247.02109,242.2211,242.6211,247.6211,246.52109,245.2211,238.6211,238.32109,236.7211,235.1211,236.02109,237.7211,247.9211
250.82109,252.2211,252.82109,255.02109,254.7211,257.1211,257.7211,260.6211,262.8211,264.6211,266.1211,268.42108,268.42108,268.2211,268.0211,268.1211,267.92108,267.2211,267.1211,267.1211,266.5211,265.5211,264.6211,263.5211,263.0211,263.42108,261.42108,259.1211,259.1211,258.1211,258.3211,255.4211,256.1211,256.1211,253.1211,255.2211,254.1211,250.52109,252.9211,251.7211,252.52109,248.52109,246.2211,244.1211,244.4211,245.4211,249.32109,248.9211,241.9211,243.52109,247.9211,242.82109,243.6211,243.52109,242.52109,246.1211,244.52109,244.32109,241.6211,242.32109,240.02109,243.02109
253.6211,258.0211,260.5211,259.6211,260.0211,262.5211,264.3211,265.8211,268.7211,269.3211,269.92108,270.42108,271.3211,271.1211,270.2211,269.8211,269.5211,268.5211,267.8211,267.0211,265.7211,263.7211,263.2211,262.6211,262.5211,263.0211,264.0211,258.6211,257.3211,256.3211,255.2211,256.6211,255.32109,251.9211,252.2211,254.6211,250.9211,250.7211,247.32109,250.6211,250.9211,248.02109,240.7211,240.02109,241.02109,241.52109,243.9211,245.4211,246.2211,244.6211,245.6211,245.82109,246.7211,243.4211,247.6211,240.2211,242.1211,244.7211,244.4211,246.02109,246.7211,244.82109
259.0211,259.3211,260.92108,261.8211,264.6211,267.7211,269.5211,271.0211,272.42108,272.42108,272.2211,272.1211,271.6211,270.5211,269.3211,268.0211,267.3211,266.42108,266.1211,265.7211,264.5211,263.5211,262.0211,261.8211,260.2211,261.8211,261.7211,261.1211,257.5211,254.9211,253.52109,251.52109,246.7211,250.32109,246.9211,249.32109,249.82109,243.6211,250.02109,249.4211,242.6211,240.1211,241.32109,240.4211,240.6211,243.7211,244.4211,245.02109,245.1211,245.02109,240.82109,246.82109,248.52109,246.7211,249.02109,245.9211,243.32109,240.6211,240.1211,242.6211,243.2211,242.9211
258.3211,258.8211,262.0211,264.2211,268.1211,270.0211,272.7211,272.8211,272.42108,272.0211,271.6211,271.5211,271.1211,270.42108,269.1211,268.42108,267.42108,267.2211,266.92108,266.2211,266.3211,264.7211,262.2211,262.0211,261.1211,261.2211,260.92108,255.82109,247.1211,247.9211,247.02109,246.2211,245.32109,244.02109,244.32109,248.6211,241.9211,245.02109,240.52109,245.52109,241.02109,239.32109,240.52109,242.4211,242.4211,242.02109,241.2211,247.02109,245.32109,244.1211,245.2211,244.82109,249.1211,245.7211,246.9211,242.9211,243.02109,241.7211,243.6211,242.9211,243.6211,245.2211
256.6211,259.0211,263.2211,265.1211,268.42108,272.42108,272.92108,272.42108,272.1211,271.7211,271.5211,271.1211,270.2211,269.6211,269.0211,267.8211,267.8211,267.8211,267.8211,267.6211,267.92108,268.3211,267.7211,266.2211,265.1211,262.0211,260.8211,260.2211,251.2211,250.9211,253.02109,251.4211,241.32109,243.9211,244.6211,247.2211,244.1211,241.1211,240.82109,242.7211,242.02109,242.9211,239.6211,241.6211,241.4211,242.02109,242.52109,245.2211,248.9211,251.52109,251.1211,250.2211,250.6211,250.82109,253.02109,249.32109,247.02109,245.52109,243.2211,246.6211,248.2211,249.82109
