src/assets/tmp/wind.json
{"header": {"discipline":0,"disciplineName":"Meteorological products","gribEdition":2,"gribLength":79023,"center":7,"centerName":"US National Weather Service - NCEP(WMC)","subcenter":0,"refTime":"2023-02-23T00:00:00.000Z","significanceOfRT":1,"significanceOfRTName":"Start of forecast","productStatus":0,"productStatusName":"Operational products","productType":1,"productTypeName":"Forecast products","productDefinitionTemplate":0,"productDefinitionTemplateName":"Analysis/forecast at horizontal level/layer at a point in time","parameterCategory":2,"parameterCategoryName":"Momentum","parameterNumber":3,"parameterNumberName":"V-component_of_wind","parameterUnit":"m.s-1","genProcessType":2,"genProcessTypeName":"Forecast","forecastTime":0,"surface1Type":103,"surface1TypeName":"Specified height level above ground","surface1Value":10.0,"surface2Type":255,"surface2TypeName":"Missing","surface2Value":0.0,"gridDefinitionTemplate":0,"gridDefinitionTemplateName":"Latitude_Longitude","numberPoints":65160,"shape":6,"shapeName":"Earth spherical with radius of 6,371,229.0 m","gridUnits":"degrees","resolution":48,"winds":"true","scanMode":0,"nx":360,"ny":181,"basicAngle":0,"lo1":0.0,"la1":90.0,"lo2":359.0,"la2":-90.0,"dx":1.0,"dy":1.0}, "data":
[rows 0 to 24 of 181, columns 174 to 231 of 360]
3.506183,3.496183,3.496183,3.486183,3.476183,3.466183,3.456183,3.446183,3.4261827,3.4161828,3.4061828,3.3861828,3.3661828,3.3561828,3.3361828,3.3161829,3.2961829,3.266183,3.246183,3.226183,3.196183,3.1761827,3.1461828,3.1161828,3.0861828,3.0561829,3.026183,2.996183,2.966183,2.9261827,2.8961828,2.8561828,2.8261828,2.7861829,2.746183,2.706183,2.6761827,2.6361828,2.5861828,2.5461829,2.506183,2.466183,2.4161828,2.3761828,2.3261828,2.2861829,2.236183,2.186183,2.1361828,2.0861828,2.0361829,1.9861828,1.9361829,1.8861829,1.8361828,1.7861829,1.7261828,1.6761829
3.3661828,3.3561828,3.3461828,3.3361828,3.3261828,3.3061829,3.2861829,3.276183,3.256183,3.236183,3.206183,3.186183,3.1661828,3.1261828,3.0961828,3.0761828,3.0461829,3.026183,2.996183,2.966183,2.9261827,2.8861828,2.8461828,2.8161829,2.7861829,2.746183,2.716183,2.686183,2.6461828,2.6061828,2.5661829,2.526183,2.486183,2.456183,2.4161828,2.3661828,2.3161829,2.256183,2.206183,2.1361828,2.0761828,2.026183,1.9661828,1.9161829,1.8561828,1.8061829,1.7561829,1.6961828,1.6361829,1.5761828,1.5161829,1.4561828,1.3861829,1.3361828,1.2761829,1.2161828,1.1461829,1.0961828
4.2761827,4.266183,4.2761827,4.2961826,4.306183,4.316183,4.316183,4.306183,4.286183,4.266183,4.246183,4.226183,4.206183,4.1761827,4.146183,4.106183,4.066183,4.0261827,3.976183,3.9261827,3.8761828,3.8161829,3.756183,3.696183,3.6361828,3.5661829,3.496183,3.4161828,3.3561828,3.276183,3.206183,3.1361828,3.0661829,2.996183,2.9161828,2.8461828,2.766183,2.686183,2.6161828,2.5361829,2.446183,2.3561828,2.276183,2.206183,2.1461828,2.0861828,2.026183,1.9661828,1.9061829,1.8461828,1.7861829,1.7161828,1.6461829,1.5761828,1.4861828,1.4061829,1.3161829,1.2261828
4.4661827,4.4861827,4.516183,4.516183,4.5061827,4.5061827,4.5261827,4.536183,4.5261827,4.516183,4.496183,4.4461827,4.406183,4.336183,4.266183,4.206183,4.156183,4.106183,4.056183,4.016183,3.956183,3.8961828,3.8161829,3.756183,3.6761827,3.5961828,3.526183,3.476183,3.4161828,3.3461828,3.2961829,3.216183,3.1361828,3.0461829,2.946183,2.8461828,2.736183,2.6461828,2.5561829,2.486183,2.4261827,2.3661828,2.276183,2.1761827,2.0861828,1.9861828,1.8861829,1.7861829,1.6761829,1.5461829,1.4261829,1.3061829,1.2061828,1.0861828,0.98618287,0.89618284,0.80618286,0.7261829
4.616183,4.606183,4.616183,4.606183,4.566183,4.516183,4.436183,4.396183,4.356183,4.346183,4.326183,4.306183,4.2761827,4.266183,4.2561827,4.2161827,4.1761827,4.106183,4.0261827,3.966183,3.8961828,3.8161829,3.726183,3.6461828,3.5561829,3.466183,3.3661828,3.266183,3.1661828,3.0961828,3.016183,2.946183,2.8861828,2.8261828,2.766183,2.686183,2.6261828,2.5461829,2.456183,2.3661828,2.2961829,2.216183,2.0961828,1.9761828,1.8661828,1.7661829,1.6361829,1.5461829,1.4461828,1.3561828,1.2561829,1.1561829,1.0461829,0.9161829,0.7961829,0.67618287,0.55618286,0.43618286
4.996183,4.936183,4.936183,4.916183,4.906183,4.9261827,4.9261827,4.906183,4.886183,4.886183,4.9261827,4.906183,4.876183,4.846183,4.816183,4.786183,4.726183,4.656183,4.566183,4.4661827,4.366183,4.286183,4.186183,4.076183,3.996183,3.9161828,3.8261828,3.726183,3.6161828,3.526183,3.456183,3.3761828,3.276183,3.1761827,3.0661829,2.9261827,2.756183,2.5861828,2.4261827,2.256183,2.1061828,1.9561828,1.8361828,1.7661829,1.6861829,1.5561829,1.4661828,1.3761829,1.2461829,1.0861828,0.9061829,0.80618286,0.69618285,0.5361829,0.41618288,0.30618286,0.15618286,-0.023817139
5.326183,5.316183,5.286183,5.2761827,5.2361827,5.206183,5.206183,5.186183,5.106183,5.016183,4.976183,4.916183,4.846183,4.766183,4.656183,4.576183,4.5461826,4.5261827,4.4661827,4.386183,4.326183,4.286183,4.1761827,4.076183,4.0061827,3.956183,3.8861828,3.8061829,3.696183,3.6061828,3.496183,3.3561828,3.216183,3.0661829,2.936183,2.8161829,2.706183,2.6061828,2.446183,2.276183,2.1161828,1.9861828,1.8261828,1.6661829,1.4261829,1.2161828,1.0861828,0.9661829,0.83618283,0.67618287,0.57618284,0.44618285,0.35618287,0.23618287,0.11618286,0.016182862,-0.07381714,-0.14381714
5.186183,5.156183,5.076183,4.956183,4.866183,4.7961826,4.686183,4.636183,4.636183,4.646183,4.626183,4.616183,4.646183,4.686183,4.606183,4.496183,4.516183,4.4261827,4.2961826,4.1761827,4.0461826,3.946183,3.8361828,3.6761827,3.6361828,3.486183,3.4161828,3.3061829,3.206183,3.0561829,3.006183,2.8461828,2.6561828,2.516183,2.3361828,2.1761827,2.026183,1.8261828,1.6661829,1.5161829,1.3061829,1.2561829,1.2461829,1.3161829,1.2861829,1.2561829,1.0961828,0.9161829,0.76618284,0.68618286,0.61618286,0.55618286,0.46618286,0.38618287,0.30618286,0.22618286,0.17618287,0.09618286
5.356183,5.346183,5.306183,5.2761827,5.1761827,5.086183,5.066183,5.056183,5.0061827,4.9461827,4.886183,4.656183,4.386183,4.246183,4.1961827,4.136183,4.056183,4.0461826,4.036183,3.956183,3.8961828,3.8361828,3.7861829,3.766183,3.6361828,3.526183,3.3761828,3.226183,3.0661829,2.9161828,2.726183,2.5761828,2.4261827,2.246183,2.0561829,1.9361829,1.9361829,1.9661828,1.9961829,1.9161829,1.7361828,1.4761828,1.2061828,0.95618284,0.7861829,0.6661829,0.6561829,0.63618284,0.6561829,0.62618285,0.62618285,0.63618284,0.62618285,0.5961829,0.61618286,0.6061829,0.57618284,0.5461829
3.966183,3.6561828,3.206183,2.976183,2.976183,2.9061828,2.8161829,2.8061829,2.686183,2.6461828,2.6361828,2.6161828,2.6461828,2.696183,2.686183,2.6661828,2.6761827,2.686183,2.776183,2.8561828,2.8161829,2.8761828,2.9061828,3.006183,3.006183,3.026183,3.0861828,2.986183,2.8961828,2.736183,2.6661828,2.5661829,2.226183,2.0861828,1.9161829,1.7761829,1.6361829,1.6161828,1.6561829,1.7661829,1.8661828,1.9661828,2.026183,2.026183,1.9861828,1.9161829,1.7761829,1.6661829,1.5161829,1.2361828,1.0261829,0.80618286,0.9061829,0.95618284,0.82618284,0.58618283,0.37618285,0.18618286
1.0561829,0.63618284,0.49618286,0.39618286,0.21618286,0.12618285,0.14618286,0.19618286,0.32618287,0.44618285,0.61618286,0.89618284,1.5261829,2.3761828,3.246183,3.6561828,3.736183,3.8661828,4.0461826,4.306183,4.496183,4.686183,4.786183,4.896183,4.9461827,4.916183,4.866183,4.786183,4.666183,4.556183,4.396183,4.306183,4.1961827,4.126183,3.966183,3.8361828,3.766183,3.6461828,3.5661829,3.446183,3.3661828,3.186183,2.956183,2.686183,2.3961828,2.1161828,1.8461828,1.5661829,1.3161829,1.0161829,0.67618287,0.38618287,0.22618286,0.08618286,-0.11381714,-0.32381713,-0.34381714,-0.37381715
-1.2538171,-1.1438172,-1.1038171,-1.1838171,-1.0738171,-0.44381714,0.51618284,1.2261828,1.3661828,1.6161828,1.6861829,1.6261829,1.7961829,2.1461828,2.506183,2.8461828,3.0661829,3.3961828,3.7961829,4.106183,4.346183,4.586183,4.846183,5.0261827,5.1761827,5.336183,5.326183,5.2761827,5.1961827,5.0461826,5.0061827,5.0461826,5.106183,5.086183,4.896183,4.866183,4.826183,4.626183,4.4861827,4.316183,4.126183,3.8461828,3.6561828,3.486183,3.3361828,3.186183,2.966183,2.726183,2.496183,2.256183,1.9561828,1.6461829,1.3161829,0.9161829,0.58618283,0.26618287,-0.17381714,-0.67381716
-3.563817,-2.8238173,-2.273817,-2.033817,-1.7338171,-1.4438171,-1.1238171,-0.74381715,-0.43381715,-0.0038171387,0.46618286,0.86618286,1.3061829,1.7461829,2.1561828,2.6361828,3.1561828,3.5461829,3.8761828,4.146183,4.336183,4.496183,4.7361827,4.886183,4.856183,4.7561827,4.686183,4.666183,4.596183,4.536183,4.596183,4.636183,4.6761827,4.826183,4.6961827,4.616183,4.616183,4.5461826,4.396183,4.326183,4.2361827,4.106183,3.946183,3.7861829,3.6161828,3.516183,3.4161828,3.246183,3.0661829,2.8361828,2.5461829,2.3461828,2.0461829,1.6161828,1.2361828,0.89618284,0.5961829,0.23618287
-3.9338171,-3.7138171,-3.3538172,-2.9438171,-2.503817,-2.053817,-1.5338172,-1.0038171,-0.51381713,-0.063817136,0.29618287,0.69618285,1.0761828,1.4561828,1.7961829,2.1661828,2.5861828,3.006183,3.3661828,3.736183,3.946183,4.066183,4.116183,4.116183,4.2561827,4.406183,4.536183,4.656183,4.686183,4.5461826,4.386183,4.246183,4.116183,4.1761827,4.136183,4.166183,4.156183,4.0261827,4.076183,4.086183,4.0261827,3.976183,3.976183,3.956183,3.756183,3.5361829,3.3561828,3.1661828,2.956183,2.726183,2.486183,2.236183,2.0761828,1.8661828,1.6161828,1.2861829,0.93618286,0.6661829
-4.313817,-3.9038172,-3.523817,-3.1238172,-2.733817,-2.263817,-1.7838172,-1.3338171,-0.87381715,-0.48381713,-0.18381713,0.19618286,0.5961829,0.9661829,1.2061828,1.5861828,1.9861828,2.6061828,2.8961828,3.3061829,3.7961829,4.206183,4.476183,4.516183,4.6961827,4.6761827,4.7161827,4.7161827,4.706183,4.746183,4.816183,4.766183,4.656183,4.5461826,4.336183,4.136183,3.9261827,3.8261828,3.686183,3.936183,3.976183,3.8361828,3.716183,3.696183,3.696183,3.6061828,3.516183,3.246183,2.9161828,2.6061828,2.3461828,2.0561829,1.7661829,1.5061829,1.2861829,1.0761828,0.9061829,0.81618285
-4.543817,-4.023817,-3.3538172,-2.8838172,-2.4338171,-1.8538171,-1.4338171,-1.0238172,-0.55381715,-0.103817135,0.29618287,0.6661829,1.2161828,1.6461829,2.006183,2.3961828,2.8761828,3.186183,3.3061829,3.6361828,3.966183,4.226183,4.5061827,4.916183,5.0261827,5.186183,5.516183,5.4861827,5.4261827,5.156183,5.116183,5.096183,5.166183,4.916183,4.586183,4.4661827,4.4461827,4.2961826,4.0461826,3.736183,3.5461829,3.526183,3.6061828,3.3661828,3.196183,3.1461828,3.1761827,3.0961828,2.8561828,3.0561829,2.8461828,2.4161828,1.9661828,1.5561829,1.3761829,1.1461829,0.98618287,0.80618286
-4.753817,-4.213817,-3.8538172,-3.4438171,-2.8938172,-2.4538171,-2.2138171,-1.8638171,-1.5138172,-1.1938171,-0.75381714,-0.36381713,0.12618285,0.7261829,1.3761829,1.9961829,2.446183,3.006183,3.6561828,4.2361827,4.766183,4.936183,5.326183,5.596183,5.646183,5.516183,5.9261827,5.766183,5.816183,5.856183,5.536183,5.2161827,4.956183,4.7961826,4.826183,4.956183,4.7161827,4.226183,3.976183,3.8061829,3.6561828,3.4161828,3.1361828,3.186183,3.1061828,3.026183,2.8461828,2.8261828,2.8861828,2.936183,2.686183,2.8961828,2.706183,2.3061829,1.8861829,1.4161829,1.0661829,0.82618284
-4.963817,-4.523817,-3.9238172,-3.6538172,-3.513817,-3.3938172,-3.3738172,-3.1138172,-2.553817,-1.9338171,-1.3938172,-0.91381717,-0.41381714,0.15618286,0.99618286,1.7961829,2.216183,2.6761827,3.1561828,3.6761827,4.126183,4.496183,4.886183,5.156183,5.166183,5.396183,5.556183,5.396183,5.2161827,5.4661827,5.6761827,5.516183,5.646183,5.456183,5.086183,4.996183,4.7761827,4.726183,4.5061827,4.0061827,3.5361829,3.3661828,3.256183,3.0361829,3.026183,3.186183,3.236183,3.0561829,2.8961828,2.956183,3.026183,3.0561829,2.976183,2.696183,2.7961829,2.4161828,1.8861829,1.2961829
-4.4538174,-4.413817,-4.0738173,-3.6038172,-3.773817,-3.6638172,-3.6338172,-4.0538173,-3.4138172,-2.4638171,-1.2838172,-0.16381714,1.3861829,3.466183,5.066183,6.5261827,7.686183,7.9861827,7.336183,6.2961826,5.366183,4.416183,3.8261828,3.9161828,3.936183,4.106183,4.2161827,4.6761827,4.4661827,4.996183,4.836183,4.566183,4.626183,4.7361827,4.656183,4.656183,4.146183,4.126183,3.7861829,3.6461828,3.4261827,2.8761828,2.686183,2.7861829,2.8361828,2.986183,3.266183,3.3361828,3.4261827,3.256183,3.206183,3.3161829,3.246183,3.026183,2.9061828,2.8461828,2.516183,1.8961829
-2.8238173,-3.023817,-3.273817,-3.063817,-3.033817,-1.5438172,-3.543817,-3.9238172,-4.2838173,-0.33381712,6.086183,8.856183,9.4161825,9.076183,9.046183,10.036182,10.536182,10.816183,10.656183,9.696183,8.976183,6.996183,5.2561827,4.4261827,3.746183,3.8161829,3.756183,3.756183,3.8061829,3.0461829,2.776183,2.8061829,2.8361828,2.986183,3.186183,3.1061828,3.266183,3.1061828,2.3061829,2.0861828,2.006183,2.0961828,2.3461828,1.9461828,2.3161829,2.7961829,3.0961828,3.6361828,4.2561827,4.566183,4.166183,3.9061828,3.696183,3.2861829,3.3861828,3.1161828,2.746183,2.276183
0.5461829,0.76618284,-0.40381715,-1.5138172,-2.473817,-3.2138171,-3.4138172,-4.2438173,-1.5238172,0.74618286,6.496183,6.996183,7.666183,7.4261827,8.876183,10.116183,10.836183,10.926183,12.066183,9.126183,10.046183,3.706183,3.956183,4.7561827,4.226183,3.7861829,4.056183,4.616183,4.6761827,5.0061827,3.936183,3.3661828,3.3061829,2.5461829,2.6161828,2.3861828,3.3661828,1.9161829,1.9361829,-0.0038171387,0.11618286,0.026182862,0.6561829,0.69618285,0.12618285,1.5561829,4.786183,5.836183,5.976183,6.606183,6.136183,5.086183,4.7961826,4.0261827,3.3661828,3.506183,3.696183,2.8961828
0.6561829,0.80618286,-1.2038171,-0.30381715,0.26618287,0.61618286,-3.3638172,-5.7038174,-4.213817,-2.2038171,-0.8438171,1.6861829,2.7861829,4.746183,7.146183,9.026183,9.126183,10.276183,12.076183,12.436183,11.246182,9.9161825,9.466183,2.7861829,3.6161828,3.006183,6.9661827,8.476183,6.9461827,1.9961829,2.946183,2.4261827,2.496183,2.8261828,3.236183,3.6261828,4.7161827,4.2961826,3.6761827,4.4861827,4.376183,2.496183,0.17618287,2.0561829,1.1661829,1.1761829,4.2561827,7.476183,6.056183,3.3461828,7.356183,7.4861827,5.476183,3.766183,2.726183,4.586183,3.5861828,3.3761828
-1.8738171,-5.2838173,-3.4638171,-1.6238171,-2.3438172,-2.053817,-1.9738171,-2.4538171,-3.223817,-6.4738173,-5.893817,-4.273817,-2.9538171,4.5261827,5.246183,5.9861827,7.1961827,9.186183,9.156183,9.6661825,10.616183,8.4561825,3.9061828,0.026182862,-2.053817,0.22618286,-1.2738172,-0.33381712,-0.81381714,1.0861828,3.0561829,1.3961829,2.966183,2.3761828,3.686183,1.5661829,-0.45381713,-1.1038171,-1.6038171,-1.2538171,-1.3338171,-1.3138171,-1.6838171,-1.0038171,-1.4438171,-0.11381714,-1.1938171,-1.4638171,2.5561829,3.946183,2.206183,7.286183,7.856183,6.286183,3.276183,2.2961829,2.006183,2.766183
-5.4738173,-4.4938173,-2.3238173,-2.543817,-1.9438171,-2.023817,-2.4338171,-4.233817,-2.983817,-4.5538173,-3.283817,-5.183817,-3.283817,-0.023817139,1.2861829,5.856183,6.4461827,8.196183,6.896183,8.146183,7.316183,6.906183,5.7961826,3.466183,0.51618284,0.29618287,-1.7538171,0.5361829,0.81618285,0.34618285,0.27618286,-0.103817135,-0.6538171,-0.55381715,-0.94381714,-1.3138171,-0.28381714,0.89618284,-0.81381714,-0.013817139,0.20618287,-0.37381715,-0.68381715,-0.61381716,-1.0038171,1.0861828,2.276183,1.6261829,-0.063817136,-1.2938172,0.12618285,1.7561829,4.9261827,5.536183,4.516183,2.196183,2.466183,2.0761828
-8.133817,-3.763817,-6.3238173,-5.003817,-4.713817,-5.633817,-4.913817,-7.113817,-4.443817,-3.253817,-1.8538171,-2.4438171,2.5361829,8.076183,3.0761828,6.766183,11.366183,14.406183,14.186183,12.006183,8.506183,12.9561825,7.706183,7.606183,5.206183,5.666183,1.8661828,2.956183,4.366183,-0.50381714,-3.8338172,-2.1938171,-0.87381715,-1.9038172,-0.6538171,1.1161828,-0.88381714,-1.3138171,-1.7738172,-0.5938171,-1.3638171,-1.1338172,-0.66381717,-0.75381714,0.5261829,0.5361829,1.3761829,-0.013817139,0.5361829,0.98618287,0.38618287,0.8561829,0.39618286,0.89618284,0.7861829,1.0661829,1.2961829,0.25618285
